ID	CK	CK-WT	CK-mut	T	Tna	T-na	TS	Tna-WT	Tna-mut	T-na-WT	T-na-mut	TS-WT	TS-mut
CK-WT-1	1	1	0	0	0	0	0	0	0	0	0	0	0
CK-WT-2	1	1	0	0	0	0	0	0	0	0	0	0	0
CK-WT-3	1	1	0	0	0	0	0	0	0	0	0	0	0
CK-tdr1-1	1	0	1	0	0	0	0	0	0	0	0	0	0
CK-tdr1-2	1	0	1	0	0	0	0	0	0	0	0	0	0
CK-tdr1-3	1	0	1	0	0	0	0	0	0	0	0	0	0
NaWT-1	0	0	0	1	1	0	0	1	0	0	0	0	0
NaWT-2	0	0	0	1	1	0	0	1	0	0	0	0	0
NaWT-3	0	0	0	1	1	0	0	1	0	0	0	0	0
Natdr1-1	0	0	0	1	1	0	0	0	1	0	0	0	0
Natdr1-2	0	0	0	1	1	0	0	0	1	0	0	0	0
Natdr1-3	0	0	0	1	1	0	0	0	1	0	0	0	0
Na-WT-1	0	0	0	1	0	1	0	0	0	1	0	0	0
Na-WT-2	0	0	0	1	0	1	0	0	0	1	0	0	0
Na-WT-3	0	0	0	1	0	1	0	0	0	1	0	0	0
Na-tdr1-1	0	0	0	1	0	1	0	0	0	0	1	0	0
Na-tdr1-2	0	0	0	1	0	1	0	0	0	0	1	0	0
Na-tdr1-3	0	0	0	1	0	1	0	0	0	0	1	0	0
SWT-1	0	0	0	1	0	0	1	0	0	0	0	1	0
SWT-2	0	0	0	1	0	0	1	0	0	0	0	1	0
SWT-3	0	0	0	1	0	0	1	0	0	0	0	1	0
Stdr1-1	0	0	0	1	0	0	1	0	0	0	0	0	1
Stdr1-2	0	0	0	1	0	0	1	0	0	0	0	0	1
Stdr1-3	0	0	0	1	0	0	1	0	0	0	0	0	1
